75
340 20
680 180
360 80
600 420
100 620
800 300
580 480
480 580
520 760
720 200
620 420
160 460
700 200
220 660
420 760
180 500
400 400
140 320
320 340
760 120
40 700
360 640
660 200
740 740
220 300
660 660
220 220
360 720
420 400
520 780
360 740
160 120
40 740
780 200
140 140
220 60
180 380
220 800
380 160
440 400
740 400
700 520
240 100
700 440
740 660
600 540
200 640
740 660
660 320
380 400
180 160
560 700
480 120
500 160
20 640
360 220
60 580
200 180
500 520
520 600
80 760
80 300
400 20
480 720
60 20
400 220
180 220
140 720
580 220
160 720
240 680
60 240
40 260
760 80
340 360
